image_width: 640
image_height: 480
camera_name: webcam
camera_matrix:
  rows: 3
  cols: 3
  data: [731.2582128383971, 0, 331.4025925078074, 0, 729.5440195329463, 224.1038751309367, 0, 0, 1]
distortion_model: plumb_bob
distortion_coefficients:
  rows: 1
  cols: 5
  data: [0.01886624011811117, -0.2512616194161005, -0.001863535247186354, -0.004391084339219096, 0]
rectification_matrix:
  rows: 3
  cols: 3
  data: [1, 0, 0, 0, 1, 0, 0, 0, 1]
projection_matrix:
  rows: 3
  cols: 4
  data: [713.9393920898438, 0, 329.0936728462711, 0, 0, 712.4827270507812, 222.3553861037817, 0, 0, 0, 1, 0]